size 100
292.3
199.2
117.1
220.2
93.0
215.2
89.1
34.1
35.0
16.0
17.0
23.0
18.1
85.1
89.1
16.0
125.1
102.0
98.1
15.1
143.2
89.1
107.1
82.1
90.1
134.2
111.1
140.1
95.1
88.1
size 500
198.2
182.2
193.2
102.1
256.3
386.4
132.1
35.0
168.2
117.1
127.2
37.0
115.1
37.0
117.2
32.1
131.2
33.0
41.1
40.1
169.2
121.2
152.2
106.1
147.1
34.1
123.1
129.1
34.0
32.0
size 2500
223.2
241.2
227.2
227.3
223.3
228.2
723.7
294.2
277.3
327.3
327.3
231.3
282.2
303.3
370.3
288.3
310.3
307.3
290.3
319.3
270.2
213.2
293.3
296.2
288.2
292.3
324.3
347.3
383.3
309.3
size 12500
2429.23
2455.23
3254.31
1514.15
1887.18
3204.31
2267.22
3995.38
2938.28
2795.27
2772.27
2297.22
2548.24
1850.18
2303.22
2046.19
2066.20
2838.27
2767.27
2808.27
2778.26
2887.28
2534.24
1900.18
1819.17
1879.18
1833.18
1816.17
1891.18
2290.22
size 62500
29058.76
35884.41
28366.70
29279.79
31230.97
30427.90
28938.76
32065.5
33132.16
31523.0
28739.74
31032.95
27845.66
29578.82
29088.77
27457.62
32113.5
28348.70
27953.67
28476.71
29323.79
32456.9
53430.9
52747.3
29389.80
28043.67
28418.71
27856.66
29996.86
31600.1
