size 100
1007.10
5552.59
642.6
553.5
793.8
743.8
602.7
623.7
588.6
117.1
50.1
37.1
34.0
38.0
36.1
31.0
114.1
125.1
35.0
36.1
151.2
134.1
107.1
141.1
97.1
110.1
40.0
129.1
110.1
35.1
size 500
779.8
735.8
788.8
560.5
899.10
679.7
810.9
832.9
740.8
1226.12
2655.29
977.11
1158.12
375.4
407.5
304.3
2508.26
389.4
383.4
343.4
391.4
400.4
911.10
1593.17
361.4
370.4
4539.48
636.6
374.4
380.4
size 2500
7265.77
6462.69
5968.63
6904.73
6118.65
5818.61
5097.54
4929.52
5021.53
5056.53
4963.53
5306.56
4976.53
5827.61
5201.55
4923.52
6470.68
5904.62
5829.62
5789.61
6090.64
5166.55
5130.55
5008.53
4985.53
4786.50
4870.52
5180.55
5997.63
5764.61
size 12500
187770.85
195072.62
209498.15
201700.32
221217.38
227059.0
205556.72
198825.1
198667.1
213954.61
198256.96
195674.68
196586.78
196682.77
195498.64
200615.18
198487.96
203636.51
194421.53
237432.7
198902.0
197758.88
207291.89
200304.15
200101.13
201763.31
200645.18
199735.9
199095.2
252692.68
size 62500
6394860.33
6160261.71
6226373.38
6439242.26
6153708.34
6262929.14
6122704.83
6077963.83
6148109.66
6070932.27
6353456.85
6216593.58
6192263.44
6136274.62
6054412.27
6170129.28
6145101.51
6131920.91
6266346.90
6072995.17
6328193.68
6123850.80
6323680.26
6119542.4
6156202.96
6403796.39
6202994.61
6130575.2
6222497.54
6177751.73