size 100
755.7
639.6
347.3
363.4
374.3
354.3
316.3
369.4
377.4
354.3
343.3
346.4
342.3
359.4
315.3
352.4
353.4
343.3
356.3
344.4
338.3
362.4
379.3
408.3
187.2
155.1
85.1
335.3
631.6
146.1
size 500
1645.15
1755.16
1531.14
1646.15
1767.16
1688.16
1762.16
1807.17
695.6
760.7
761.7
728.7
736.7
744.7
726.6
735.7
860.8
758.7
730.6
773.7
759.7
765.7
767.7
714.7
751.7
750.6
717.7
744.6
735.7
762.7
size 2500
8654.78
8428.77
8464.77
5280.49
5344.49
5035.46
4755.43
5069.46
4988.46
5196.47
4800.44
5368.49
4853.44
5072.46
4823.44
4980.46
5606.51
6040.55
4853.45
5069.46
5390.49
5295.48
5225.48
5446.50
4839.44
4918.45
5108.46
4861.44
5024.45
4852.44
size 12500
143815.12
170084.51
140911.85
140421.81
142618.1
151432.81
157026.44
141253.24
146652.75
138541.99
139287.6
140943.21
140515.17
139691.10
138335.97
141543.27
139542.8
140471.17
140317.16
150076.7
138811.1
140289.16
141872.30
138547.99
169281.87
182129.7
140725.20
137690.91
149691.4
138789.1
size 62500
3640852.35
3759142.30
3693962.48
3581465.98
3665470.39
3809411.60
3616848.69
3591331.39
3665121.25
3792211.74
3626993.72
3688096.72
3618007.72
3712758.75
3632698.52
3615942.86
3731177.77
3610320.69
3606960.50
3859295.94
3688282.88
3615314.83
3843089.74
3663390.23
3682476.6
3752038.18
3776690.54
3899805.28
3609210.23
3644203.28
